2
22
35
38
52
57
64
69
70
76
82
89
96
109
115
119
120
122
157
170
193
207
210
211
217
230
233
235
247
250
261
284
294
297
304
321
327
360
400
428
430
436
441
452
454
459
463
465
474
490
520
525
527
528
543
578
583
597
604
613
634
640
657
663
667
668
669
670
690
703
710
713
734
744
746
777
782
788
791
819
826
850
860
861
870
873
890
904
928
944
950
953
958
966
980
985
998
1001
1016
1019
4
7
9
15
24
25
41
60
68
71
73
78
79
100
103
105
106
113
114
125
129
135
153
175
178
185
201
202
206
209
212
225
232
249
252
270
271
277
291
310
311
316
346
352
356
358
359
367
383
395
398
399
407
409
417
444
448
451
455
456
467
471
476
485
492
493
508
509
511
534
536
539
553
554
557
573
574
588
594
605
610
619
638
639
649
672
677
679
692
699
711
712
739
748
766
780
781
784
810
822
6
17
26
29
77
83
110
118
121
123
144
160
162
172
179
181
188
190
191
200
214
221
234
253
254
263
269
278
309
318
319
326
340
348
361
366
376
379
382
386
391
392
401
411
433
445
449
458
473
477
478
494
516
531
549
552
556
559
564
569
571
585
589
592
620
643
647
651
658
665
674
675
685
689
694
697
714
715
717
733
775
802
808
814
815
831
845
855
863
864
867
874
894
908
918
932
939
947
990
1011
8
11
13
28
31
45
50
51
75
87
99
108
112
131
136
137
150
158
180
182
199
204
208
216
229
236
243
251
255
256
280
282
292
299
322
328
331
342
357
362
393
406
426
434
453
460
480
487
491
496
501
510
541
547
550
558
562
575
582
614
630
644
646
660
671
676
696
716
732
753
761
768
790
809
812
841
844
857
858
862
868
875
876
879
891
896
910
954
967
976
984
993
999
1008
1022
1036
1056
1069
1078
1098
3
10
21
27
54
59
61
62
65
90
93
116
128
132
140
143
151
164
165
167
195
218
223
238
258
272
273
276
290
293
295
298
315
330
337
339
343
355
364
370
373
374
380
381
403
413
414
415
439
443
462
482
532
542
565
570
577
586
591
606
607
617
648
656
662
664
678
681
683
693
698
701
707
718
719
730
743
747
750
755
798
805
829
835
843
848
849
851
852
856
878
883
895
897
898
907
915
927
938
946
1
12
36
48
66
101
133
139
146
174
176
183
192
220
237
240
245
260
267
274
279
285
288
307
317
329
333
336
377
397
404
408
418
421
438
464
475
481
497
503
505
513
514
515
517
524
538
544
545
555
580
611
615
621
623
626
636
653
654
680
691
700
720
723
749
752
758
769
772
776
779
800
806
816
833
837
838
846
880
887
900
913
916
917
922
925
948
957
961
965
971
986
1025
1033
1040
1063
1072
1088
1090
1105
14
19
33
37
40
63
67
74
84
91
94
107
127
130
148
152
156
166
187
205
219
222
239
242
257
262
275
287
300
303
312
324
332
368
389
396
402
422
431
432
450
466
489
495
499
507
535
537
548
566
579
593
598
599
608
624
631
650
659
661
666
673
682
702
722
736
738
740
760
763
771
786
795
803
811
817
830
842
847
853
882
893
902
911
923
940
945
956
959
974
978
987
997
1000
1021
1042
1071
1092
1093
1101
16
30
39
43
53
72
80
85
92
97
102
104
124
141
142
149
159
169
186
194
197
213
215
224
231
244
259
264
289
302
306
308
325
338
341
350
354
371
372
378
385
388
412
423
427
437
447
468
469
479
484
498
506
512
519
522
523
561
563
568
587
600
609
612
618
625
633
635
637
641
645
652
655
684
687
704
724
725
729
731
751
754
774
787
796
799
804
820
821
825
840
854
869
881
884
885
889
899
905
909
18
32
42
47
56
86
95
98
126
138
145
147
161
189
198
203
226
241
246
266
296
301
313
334
344
349
353
369
387
394
405
416
419
440
446
457
470
486
500
504
518
529
533
540
546
560
572
576
595
603
616
628
629
686
695
706
709
721
726
727
735
737
741
757
759
762
767
770
778
785
792
793
797
818
824
832
859
866
877
886
914
924
926
936
964
973
977
1010
1014
1017
1026
1027
1046
1060
1064
1065
1068
1087
1102
1106
5
20
23
34
44
46
49
55
58
81
88
111
117
134
154
155
163
168
171
173
177
184
196
227
228
248
265
268
281
283
286
305
314
320
323
335
345
347
351
363
365
375
384
390
410
420
424
425
429
435
442
461
472
483
488
502
521
526
530
551
567
581
584
590
596
601
602
622
627
632
642
688
705
708
728
742
745
756
764
765
773
783
789
794
801
807
813
823
827
828
865
888
901
903
930
931
933
941
975
981
