5.369190809239849038e+00 5.338593749551955980e+00 5.210797026713940738e+00 5.483673108464383716e+00 4.789918587277674611e+00 5.414803929875709798e+00 4.748104568734817121e+00 4.877552450114387206e+00 4.777155463181489203e+00 4.860882679661451711e+00
5.461023218331575890e+00 4.772541715885607161e+00 4.849030014713503256e+00 4.846620057781671598e+00 5.570641895890274142e+00 5.542686506398071700e+00 5.570583683400192498e+00 5.184190895593118853e+00 5.079834988700943299e+00 5.467549371493009680e+00
5.177800340369115517e+00 5.038082751133314829e+00 5.075142756899422736e+00 5.421042696413176820e+00 4.860932562974914717e+00 4.791732099450671356e+00 5.359580234292594447e+00 5.371027250577104617e+00 4.742614541830615593e+00 4.991280812568297698e+00
4.779688446980330241e+00 4.478506452825332218e+00 4.487071194629744575e+00 4.612935101282760186e+00 5.351911008645565460e+00 5.287493224185311647e+00 4.676671885401026962e+00 5.140743972724187039e+00 5.305706272558355252e+00 5.321012268116601440e+00
5.582525367864390020e+00 5.177732974017706269e+00 5.624787300764894304e+00 5.292069390222833292e+00 5.151677406803075066e+00 5.578178535199396215e+00 5.516253681850858293e+00 4.850063300131633781e+00 4.788768197644160729e+00 4.878030260926046857e+00
4.878166241849703155e+00 5.310444479073557211e+00 5.626933410984493733e+00 5.648395570240489327e+00 5.509677237979912157e+00 5.205552634446077853e+00 5.190232041872580027e+00 5.484298480530372721e+00 5.396797066519131825e+00 5.000092354895215863e+00
5.185563930498868324e+00 5.684710123520992475e+00 5.300237013363285676e+00 5.200786628516751442e+00 5.234879695354550222e+00 5.643412254677191875e+00 5.188333408340234598e+00 5.540257522116879052e+00 5.397328073634708900e+00 4.936425816824494106e+00
5.113988154379416784e+00 4.868086072867741088e+00 4.869269053552669035e+00 4.800990173280867523e+00 4.670007168728539604e+00 5.194859302434212900e+00 5.412317648957295724e+00 5.456564203312031403e+00 4.701305013217619511e+00 5.073709410825541610e+00
4.788065559698816642e+00 4.861764674234311023e+00 4.645374424872706243e+00 4.617009298455725386e+00 4.993003162310147403e+00 5.526055305927167538e+00 5.512537966378114440e+00 4.801695835850687821e+00 5.518613522754867162e+00 5.328590168630715773e+00
5.112248956701636260e+00 5.630404034521365730e+00 5.627825118985975372e+00 4.656041448078907408e+00 4.680072739676278459e+00 5.121684546467604626e+00 4.852667615300509496e+00 4.956576361922996554e+00 5.328675928124442684e+00 5.326045083342059172e+00
4.757714398708938752e+00 5.574133401162702839e+00 5.685648071943679049e+00 5.518158975249608744e+00 4.896340638061313477e+00 5.426534239842715657e+00 5.626995282322032388e+00 5.667413248131172310e+00 5.354573807701995314e+00 5.139355198936854663e+00
5.382458803780355794e+00 5.303621324093120037e+00 5.357317638484904165e+00 5.403064555621351239e+00 5.313213452724989239e+00 5.183608970388185355e+00 5.501051169627822368e+00 5.500212420297276417e+00 4.793611495586265647e+00 5.097304356499271272e+00
5.013512056600154310e+00 4.818271640542347356e+00 5.245047223269859060e+00 5.120375869356380782e+00 5.465884642415904437e+00 5.502921394187080928e+00 5.135748264075689740e+00 4.732786713389841360e+00 5.112190133954451987e+00 5.154940612420868540e+00
5.268107970499629644e+00 5.330656024126421144e+00 5.119879090432578828e+00 5.035081855337457668e+00 5.358147169328545623e+00 5.287631746178876213e+00 5.453367505203861043e+00 4.896684538020994459e+00 5.426436135659517213e+00 4.835611795600864404e+00
4.741075046817349481e+00 5.144385684908903578e+00 5.069134476835100322e+00 5.159408290387258234e+00 5.632071081199920393e+00 5.150477920907015061e+00 4.809337075176436826e+00 4.730795622110715470e+00 5.491036065035797442e+00 5.211840235760680784e+00
4.678908622161752184e+00 4.987043257691923692e+00 4.623625421519389711e+00 5.028304782074770607e+00 5.350780747902242673e+00 5.048496094463388317e+00 4.796753197320546391e+00 4.746246115903586471e+00 4.608498160275268596e+00 5.167764919152372016e+00
5.280351348232072084e+00 4.841949073300990669e+00 5.249695545929988327e+00 5.577275034986876712e+00 5.051134269957333167e+00 5.300813840068803628e+00 5.202763054754434791e+00 5.291409026131226767e+00 4.819274156531840880e+00 4.989418019910841551e+00
5.360415923933927296e+00 5.247880398015762005e+00 4.821946385758359099e+00 4.961603605668979178e+00 5.128809139921628457e+00 4.828995296986457575e+00 5.283985613711849716e+00 5.140155964052964599e+00 5.486706405631456285e+00 4.725325812368008194e+00
5.682531788875551548e+00 5.140230176298291376e+00 4.885006433002993198e+00 5.678101001874908071e+00 5.439454454025033137e+00 5.050279552644221681e+00 4.925024906304899197e+00 4.779329260497647169e+00 5.415070670114830342e+00 5.048677110704717919e+00
4.799659649408487994e+00 5.048051252718134485e+00 5.363811334746980464e+00 5.131976071130346817e+00 5.416939820467267630e+00 5.253862494906809566e+00 4.627089878103415543e+00 5.296334656253865347e+00 4.627426343265692132e+00 5.403972814868019725e+00
4.525191702960500884e+00 4.801021061085916308e+00 4.467314208323307057e+00 5.015785584702564748e+00 5.060263751826494349e+00 4.855897642294870309e+00 5.364940352577592719e+00 4.422832661385537101e+00 5.065168787888991275e+00 4.644167033341839002e+00
5.558454763733195136e+00 5.309898668153974377e+00 5.595986617545634978e+00 5.460434698186835689e+00 5.635120745890047189e+00 4.988521402371251412e+00 5.536447782832230047e+00 4.888805307202447104e+00 4.869070766162625574e+00 5.684594283893386724e+00
5.612693413207595405e+00 5.172099089279696749e+00 5.095363443028309014e+00 4.742672595255682744e+00 5.447618772893277672e+00 5.489169053499820983e+00 4.761917277091844980e+00 5.101972350642618004e+00 5.154522919290181804e+00 4.935551669129175423e+00
4.943360813409942267e+00 5.233530092889582264e+00 4.575650976218826216e+00 5.112764282931132165e+00 5.139486577264038125e+00 4.634757344524096823e+00 4.490105626708011499e+00 5.072649745432084245e+00 4.945274696336904974e+00 4.928493531615719903e+00
5.001463345780737590e+00 4.884507203976327538e+00 4.858109446318592539e+00 5.639814760608508060e+00 5.613554027542470237e+00 4.975866898769838897e+00 5.694539565516382851e+00 4.851592018553749774e+00 4.896831442187305150e+00 4.851480184694436204e+00
4.712537335903225433e+00 4.578667515739237359e+00 4.968467318625465978e+00 4.478669241383513189e+00 4.449164434654543143e+00 4.994095557410957120e+00 4.519233694979324589e+00 5.411191712759301886e+00 4.565846273026634705e+00 4.726558021247561747e+00
5.324929297950902196e+00 4.536012500714878826e+00 5.101420581697875711e+00 5.358716492453466707e+00 4.979757933212980880e+00 4.496641682880793134e+00 4.618613234301779613e+00 5.283295470242155289e+00 4.584526693525612373e+00 4.890943064017196917e+00
5.037658637459735189e+00 4.884086997159124977e+00 5.179326304105353884e+00 5.721284367189461761e+00 5.104249026029765268e+00 5.466924758563501463e+00 4.772171172820905305e+00 5.094371686345940731e+00 5.286166941500695771e+00 4.983124222602055120e+00
5.066891501419597432e+00 4.788537387552346480e+00 5.106455171422145334e+00 5.591165881947246064e+00 4.947216382146832458e+00 5.565266663157769855e+00 5.247424476037075181e+00 5.426005093533527557e+00 5.385291425837493762e+00 4.623503104939848285e+00
5.438987887560997159e+00 5.589910565928210673e+00 5.150223611071049312e+00 5.638247059344456247e+00 5.601963902954698149e+00 4.861271245111032258e+00 5.383700645860885814e+00 4.955670057356131863e+00 5.531357751604794259e+00 5.153228457722988765e+00
5.380386363930409033e+00 5.530911712893894716e+00 5.132338492274882036e+00 5.245420923158867765e+00 5.403546020928398086e+00 4.868689559866885119e+00 5.235425295337779339e+00 4.844391974650987365e+00 5.109872700858226757e+00 4.951285473471457088e+00
4.981791460459402465e+00 4.779667908288989686e+00 5.115909290870021664e+00 5.366642315929976981e+00 5.530685170448541577e+00 4.734729331930237706e+00 5.698224303223652143e+00 4.893058162267132971e+00 5.508591715184577353e+00 4.902550555898329776e+00
5.550488839908155114e+00 5.203678404859778617e+00 5.574448621640434531e+00 4.984655328112880923e+00 4.846348306681405482e+00 4.835793772953451253e+00 5.453242090129668540e+00 5.182052597222885915e+00 5.381057767402719350e+00 5.370844275478209084e+00
4.853903563773061869e+00 5.312300879446262947e+00 5.184605318867387957e+00 4.770163874598497777e+00 4.824856744377855833e+00 4.918561806078667331e+00 5.539663155328628186e+00 5.385951087656956737e+00 4.746149437200124055e+00 5.032015168577797404e+00
4.917481255715555832e+00 5.420038315875919110e+00 4.771158931769122979e+00 4.602197939903662771e+00 4.861012383672653314e+00 4.637368758850547223e+00 5.476478726568455357e+00 5.007696535301747964e+00 5.071413358148389783e+00 5.241900481135765233e+00
5.683059585265463731e+00 5.549060331540019320e+00 5.680853685741273473e+00 4.792806225607725956e+00 5.540121519288081942e+00 4.968757829283790173e+00 5.702996649081240044e+00 5.719770840751942309e+00 4.745928475148319059e+00 5.694639018748991255e+00
4.978280707818707462e+00 5.042052592124218080e+00 5.628528310526431433e+00 5.159118552636541288e+00 5.606845090945477672e+00 4.972421784294577485e+00 5.447560060235630885e+00 4.945014953349866182e+00 5.121964423607312078e+00 5.658368117627737170e+00
5.016381158502547954e+00 4.763038240700511849e+00 5.192388670932102990e+00 5.207211054998270860e+00 5.379869298837320457e+00 4.995993274571776332e+00 5.095653602870002352e+00 5.315163060685903496e+00 5.459419869725182117e+00 4.980479649976989442e+00
5.293048345066836191e+00 4.783134303683850064e+00 5.695658807252177880e+00 5.561061026378744998e+00 5.618888116601641336e+00 5.084632386675868254e+00 5.440166112936432263e+00 5.158627963678734218e+00 5.425908083582325681e+00 5.537220179723315816e+00
4.865636170188198051e+00 4.996198613098763452e+00 5.487446792293919628e+00 4.840819729601304466e+00 4.946291188327517574e+00 5.529822022968382988e+00 5.574856909756711332e+00 5.096869640231219911e+00 5.538806029374429230e+00 5.133859501810495551e+00
5.699912742798751708e+00 5.190583648135910444e+00 4.866093634426790437e+00 5.049400866024999601e+00 5.624495602599328237e+00 5.715552252461915117e+00 5.431556122347501514e+00 5.234374564566281585e+00 5.704691625423284229e+00 4.872828666321847635e+00
5.017884527977362730e+00 5.376934635400535178e+00 4.755762546199394869e+00 5.359871428181548936e+00 4.989866872437413114e+00 5.572553835734869843e+00 4.977293785237189461e+00 5.295156532053959531e+00 5.322189856936450525e+00 4.956523207287959032e+00
4.895264151635848826e+00 5.015685618015095493e+00 4.758173071139140120e+00 5.173037188426533817e+00 4.721329745049623661e+00 4.873516107727664526e+00 5.163605532068901383e+00 5.554150419328432342e+00 5.517171231150082455e+00 4.857846238412091289e+00
5.639962901292928876e+00 5.419003460295979124e+00 5.178967740968976052e+00 5.318104215749489327e+00 5.238143081715881166e+00 4.837827526645694931e+00 5.375313866657739581e+00 5.333149601621717473e+00 5.242989255480247301e+00 5.346332173064642035e+00
4.809337321492771267e+00 5.066115431766161414e+00 5.275433907378777043e+00 4.611269800947874309e+00 4.743703555891977786e+00 5.149394160873431048e+00 4.749171326352076505e+00 5.018080297302734749e+00 5.194691909672939367e+00 5.572681030640384670e+00
4.826249087727390474e+00 5.056921534104862559e+00 4.754448222148231373e+00 5.614698179341830908e+00 4.965964279444378349e+00 5.541521487152555991e+00 5.074910702767880366e+00 4.866834223147002092e+00 5.013210651703672305e+00 5.465108713410010921e+00
5.600181658911206561e+00 5.462102682967558742e+00 5.014496623754442162e+00 4.952797182254485620e+00 4.809787060841542505e+00 5.180230277963587149e+00 5.014720688346574029e+00 5.462571000631619711e+00 5.183109539746406647e+00 4.822745614781299039e+00
5.427569281552914404e+00 5.236673301461974184e+00 5.720779968258557169e+00 4.911608714531590536e+00 5.133087029595372108e+00 4.826202138875089531e+00 4.977888137815224212e+00 5.073942401127325752e+00 4.833429906346016658e+00 5.127251793549633341e+00
4.850969347695420986e+00 5.130826759029680773e+00 5.134829096740055832e+00 4.994846990081851068e+00 5.071564236695613737e+00 4.797078961795467222e+00 4.961725377357890210e+00 5.515816063053760487e+00 5.615044646803104555e+00 5.692842425876678547e+00
5.579743467328441398e+00 4.657478639286739330e+00 5.363917574959535806e+00 5.152015875297068170e+00 5.037615969713225006e+00 5.077261435864223849e+00 4.808189067347857559e+00 5.192747173331524024e+00 5.556420203358860554e+00 5.276489983794572680e+00
4.812671969562861918e+00 5.165632564610429966e+00 5.370126796455487295e+00 5.567706921942773945e+00 5.594580094494791211e+00 5.403814849685574018e+00 4.764045881007395344e+00 5.636630713051037134e+00 4.945181338726067466e+00 5.167842746394762266e+00
5.100910029145008906e+00 5.597828187663513866e+00 5.659547819825344384e+00 5.313761786500892370e+00 5.043369750763592840e+00 4.724124113044274154e+00 4.854877064569611100e+00 5.172028922398482109e+00 4.790516054679483382e+00 5.503619759022785551e+00
4.568068012130385824e+00 5.058830247649378720e+00 4.662524198046870794e+00 5.113928775141458161e+00 4.685862426451737228e+00 5.000824572887700548e+00 4.749493341465077734e+00 5.368624056801801103e+00 5.337633094755722674e+00 4.872372060463433741e+00
5.430649553989574052e+00 5.300320516055685438e+00 5.411932827704973192e+00 5.624612738072390705e+00 4.825100907415927232e+00 4.788502509344464642e+00 5.632809988396427769e+00 5.517648100153569324e+00 5.285410280627819368e+00 4.808022624491660402e+00
5.393373232501360803e+00 5.239259300231346117e+00 5.553526179005237040e+00 5.327445932564189413e+00 4.874166248405960467e+00 4.958009470970126564e+00 4.832136825877972441e+00 5.235961583401844699e+00 4.913550556704748828e+00 5.345425245957081906e+00
5.151020739612371280e+00 5.318921571745567789e+00 5.416647136067305190e+00 5.050277191859570358e+00 5.171517717088233823e+00 5.129906710779434498e+00 5.620670863487528202e+00 5.315169052503424751e+00 5.359910216251460469e+00 5.202323587615606648e+00
5.142916998330598233e+00 5.358116665812522328e+00 4.944814967331761402e+00 4.972964871112287355e+00 5.562683862110655575e+00 5.083908269418555115e+00 5.318230263147121661e+00 5.668250987793558515e+00 5.338066650303555427e+00 5.020716437047776814e+00
4.903247667961328382e+00 4.754712878423816846e+00 5.205633032876296973e+00 5.600141928109363398e+00 5.646334506418754451e+00 5.083610204718739034e+00 5.388864786774906435e+00 5.193707164449683056e+00 5.666673984257107222e+00 5.715676131238002888e+00
4.876304309707541584e+00 5.464704268880397287e+00 5.577018613974241035e+00 5.107903002779125679e+00 5.582828030154248111e+00 5.231003416153427565e+00 5.391758051712985278e+00 5.276109366603649597e+00 5.240567977147866152e+00 4.970918259779088189e+00
5.554210428134487287e+00 5.655060864142942734e+00 5.513523634939116569e+00 5.053250971212472464e+00 5.147007410490997970e+00 5.062183750297999829e+00 5.358062836532725193e+00 4.989198468404625331e+00 5.567673785838696432e+00 5.308193432201082196e+00
5.464131985500218391e+00 4.753502959339547473e+00 5.432937376340645663e+00 5.604528176576536680e+00 4.753115110872439431e+00 4.716794304304769980e+00 5.621736924188238227e+00 5.251084258233093216e+00 5.610116575846157083e+00 5.183110800152849862e+00
5.037708432495453970e+00 4.850892711814932312e+00 5.174305432697291707e+00 5.550543338861413822e+00 5.664829247424911784e+00 5.267543985558826414e+00 5.506979644667135076e+00 5.254336162906112939e+00 5.440495792713087475e+00 4.976871206180325302e+00
5.345397006402532902e+00 5.001024492861261272e+00 5.609447645887924772e+00 5.183928289377834453e+00 5.417259249415171674e+00 5.079718128005415778e+00 5.277507247356697739e+00 5.365925331470513093e+00 4.828487433601848622e+00 4.803157908310721425e+00
4.700587794726829749e+00 5.093557188804685332e+00 5.306649722380915257e+00 4.767471379472697279e+00 5.255544574921038325e+00 5.162207631841785549e+00 4.828238499816407625e+00 4.744797630695671842e+00 4.734684862162349184e+00 5.253739317655573338e+00
5.138465529335237036e+00 5.227360673601960883e+00 4.808481621180131782e+00 4.725186971440555439e+00 4.823149410937630499e+00 4.737662575121783348e+00 5.674549226490011478e+00 5.428570529004811185e+00 4.834231359414606466e+00 4.909806161329876240e+00
5.305637582597543478e+00 5.438431951975443823e+00 5.430808885084409177e+00 4.887038772595872160e+00 4.948562060274149133e+00 5.224382180946116172e+00 5.118939953079176597e+00 4.815328115395011821e+00 4.800135928408610475e+00 4.891541740617729950e+00
5.311234127841640174e+00 5.685206040903226565e+00 4.739132163835645173e+00 5.154937145441516044e+00 5.291209666037984150e+00 4.926930561520166840e+00 4.817598643624153354e+00 5.543122386503978483e+00 4.955556103135854151e+00 5.409761936168560936e+00
5.233894603314931615e+00 5.051748654894502089e+00 5.063496084960211974e+00 4.914734352670559581e+00 5.560927043302712924e+00 5.078152550696120926e+00 5.620873201742137226e+00 4.712695575505986056e+00 4.913727702366792904e+00 5.022203299952876066e+00
5.195737615846804935e+00 5.114708609189114519e+00 5.317320921856468097e+00 5.702317685586949736e+00 4.968543228766696629e+00 4.788792435602466924e+00 5.022016432073355574e+00 4.930958522636628594e+00 5.440562388297538909e+00 5.488136337438509038e+00
4.770380700034078991e+00 5.131120036986887456e+00 5.284991441427594694e+00 4.780497537051835444e+00 5.438125043513495349e+00 5.027794658419133533e+00 5.589927861062055747e+00 5.425846924681795080e+00 4.746257236734063412e+00 4.803153933243065943e+00
5.302450951422089886e+00 5.612165030797774179e+00 5.140305360385498901e+00 5.375793167987470866e+00 5.610104399198445613e+00 5.472978027944008339e+00 5.460645749255187198e+00 4.818538938301445640e+00 5.488187159246830760e+00 4.870704755517408557e+00
4.761763092628708449e+00 5.331951298379785875e+00 5.289890780073194243e+00 5.289615165087944604e+00 5.326753948713496278e+00 4.860412259165051374e+00 5.597785773188761915e+00 5.398737101975974895e+00 4.821178999933475318e+00 5.701331742154601478e+00
4.883810318610402490e+00 4.865963951545605681e+00 5.152280612245020208e+00 5.031036825391692169e+00 5.621760668229534019e+00 5.697539813711135714e+00 5.381627840653177230e+00 5.707478402448278310e+00 5.091761661130932204e+00 5.312385175505504264e+00
5.395766566221975147e+00 5.336042435135903261e+00 5.047609650186625885e+00 5.089309238907178568e+00 5.570794882778100643e+00 4.747041340268498111e+00 5.608626268592225905e+00 4.888081009095117224e+00 5.086042660267831472e+00 5.031616781746015121e+00
5.504961974708360906e+00 5.156866485416430557e+00 5.348626812879033743e+00 5.014478652293361982e+00 5.595338561512990694e+00 5.391712683189196831e+00 5.674415457234274207e+00 5.184455098366041348e+00 5.610339441074574829e+00 5.019987049223279207e+00
5.266024278948412629e+00 5.701142548695171897e+00 5.626061035073964156e+00 4.956681544634641945e+00 4.780028017992602685e+00 5.535269524714784062e+00 4.790858189758406382e+00 5.407653697365693013e+00 5.306805913106521722e+00 4.733328505879816461e+00
5.404861842242341119e+00 5.712093998540050954e+00 5.324778947992137468e+00 5.332744568567752808e+00 5.140194413651497207e+00 5.293043245529224450e+00 5.696208709692091254e+00 5.437374408610276433e+00 5.276432436349670851e+00 5.100731246815755959e+00
5.279203725455031915e+00 5.012450690498779338e+00 5.219272312315768048e+00 5.022713657323338410e+00 5.669930110813835356e+00 5.507790216095775016e+00 5.117364556912980866e+00 5.117185200052880134e+00 5.337386969066756137e+00 4.759584524250892734e+00
5.311783183421263210e+00 4.779978246286433752e+00 4.875844767941307722e+00 5.557255116759316493e+00 5.313744487488476054e+00 5.177988148186549289e+00 5.289825669345878723e+00 4.715537549404788642e+00 5.674477964120408835e+00 5.655513152238303753e+00
5.270590783470236573e+00 5.038457367200975590e+00 5.087320217395863153e+00 5.196900060361985929e+00 4.550687624152672583e+00 5.114203409826681757e+00 4.715140610343163452e+00 5.181222972118557202e+00 5.195413884222554124e+00 4.954706491341326569e+00
5.182886575749503066e+00 5.316802707438647246e+00 4.949154728186324625e+00 4.778070693480291453e+00 5.099888695201620692e+00 5.593568042460800527e+00 5.087683750002443439e+00 4.796679710383324746e+00 5.095816642400356145e+00 5.245880781816208760e+00
4.769875258616047553e+00 4.683233377186621027e+00 4.630814589341727405e+00 4.583934652278465194e+00 5.166155914013142336e+00 5.443768214542870076e+00 5.126918364685152163e+00 4.937573692603999476e+00 4.608501420116458469e+00 4.845303137205664967e+00
5.467640836159270989e+00 5.288481937034521074e+00 5.189479587512681569e+00 5.095431559418649670e+00 5.595260575363025346e+00 5.472893258134323702e+00 5.099623993713696457e+00 5.197183909615689323e+00 4.917221781565717542e+00 5.640855258083889545e+00
4.992568194439693130e+00 5.544508532711242665e+00 5.039723717446181972e+00 4.936117129421961458e+00 4.939295629629886442e+00 5.502213623473419801e+00 5.135203487031553493e+00 5.644686992038239204e+00 4.973461957308217052e+00 5.551368198511458019e+00
4.818982711556991205e+00 5.316733970328456849e+00 5.141586391376240961e+00 5.068711160912379832e+00 5.702701058601272521e+00 5.036094340910270972e+00 5.219042282441543001e+00 5.717688043463491354e+00 5.596385655648552060e+00 5.370419666682349380e+00
5.569423851026647831e+00 5.322973270042137273e+00 5.601121032227713847e+00 5.045077121922852292e+00 5.071642799396399504e+00 5.066826250031113865e+00 5.123311116160840228e+00 4.727799715326642449e+00 5.045985576936842243e+00 4.909105014033304570e+00
5.411232042114972884e+00 5.150979138705287674e+00 5.030235178835930299e+00 5.495057812173000933e+00 5.583837496452061622e+00 5.247365775056846537e+00 5.018269767422758321e+00 5.194962811408315950e+00 5.488212633415198383e+00 4.744719303410770195e+00
5.388317685101353227e+00 4.897219181827227708e+00 4.878990780948799788e+00 4.907519205641118099e+00 5.109903695870970708e+00 5.061799709269674707e+00 5.046070051115275845e+00 5.524185711661614206e+00 5.013528673353148335e+00 4.776310361781670011e+00
5.632068032813779546e+00 5.417532741638860116e+00 5.037198872593627641e+00 4.766926762042721144e+00 5.647519254144261147e+00 4.749632800848254455e+00 5.377030957636614872e+00 5.273617371898002837e+00 5.390784727053925529e+00 4.798064295653212241e+00
5.369359645370252565e+00 4.781985439749905531e+00 5.405424878192431670e+00 5.441498083695446297e+00 5.092362973685684580e+00 5.020016329615172523e+00 5.447002934407142227e+00 4.820005350259633836e+00 5.297780152166393641e+00 5.285599178632046424e+00
4.902772916101782563e+00 4.988086330683171532e+00 5.255559429877575184e+00 4.764078185887182570e+00 5.336168544802108116e+00 5.548369053220603142e+00 5.618008101478038974e+00 5.486243638493200514e+00 5.330232830400020383e+00 5.341597333945319548e+00
4.801012164156474249e+00 5.492842863739933357e+00 5.033179271319935033e+00 5.698356506710048563e+00 4.803993563409970413e+00 4.725731869753024839e+00 5.299086114659407265e+00 5.150765722754882425e+00 5.441388125053755687e+00 5.400745081004783010e+00
4.970075188249490239e+00 5.663730962534265778e+00 4.878952490257971064e+00 5.650907185444046910e+00 5.518415371571336436e+00 5.386900106070219074e+00 5.014090044990959782e+00 5.636942921049299393e+00 5.504839442809140948e+00 5.032884897046467465e+00
5.271882168697008986e+00 4.708796582859227975e+00 4.865200274457103014e+00 4.639724373760158116e+00 5.200852625721519296e+00 5.130136837955751261e+00 4.708793413638508341e+00 4.565891822128762101e+00 4.650943389154660323e+00 5.349518191510981069e+00
5.342840347479803853e+00 5.253185836092187699e+00 5.292098894016036503e+00 5.218801634363201991e+00 5.051713631923170134e+00 5.720343890421819566e+00 4.826820054992471576e+00 5.345273148900800742e+00 5.147561373805127793e+00 5.491133453618464166e+00
5.104678471050820399e+00 4.854275279618506467e+00 4.714805205913980224e+00 5.519762232096509180e+00 4.985863023691147866e+00 5.215378168138851578e+00 5.603046443002092758e+00 5.277605153660333670e+00 4.799455982043189906e+00 5.041779292067067431e+00
5.202895915403674465e+00 5.188653201751284527e+00 5.086968350065673938e+00 4.939783791177542405e+00 4.951682745034428734e+00 5.124856248930034219e+00 5.516528849332152262e+00 4.741239126038612639e+00 5.186555664744317617e+00 5.683735387540398420e+00
5.473358314154895155e+00 5.500230921271398010e+00 5.271866379495770083e+00 4.987430256224326897e+00 4.778499773716546883e+00 5.245925250626087610e+00 5.038014782464400376e+00 4.964126420186951272e+00 5.482243840745234742e+00 5.660007815052077618e+00
5.635544539669092856e+00 4.906015712337300272e+00 4.896393519283257945e+00 4.880162177117723488e+00 5.429339339461304093e+00 5.482902555089387953e+00 4.899995966283000826e+00 5.653256024066815044e+00 5.673782791967576955e+00 5.194917146246509354e+00
4.814483666691208086e+00 5.594519584355263753e+00 5.010661275294955530e+00 5.687954522294149662e+00 4.867198737244311069e+00 4.746548138523273508e+00 5.274589661981916144e+00 4.897394525737099436e+00 5.270721973091278656e+00 4.733888238384746039e+00
